y1 = 3*x^2 + 2*x - 6;
y2 = 3*x^2 + 2*x - 6;